3058340.46274981
3058339.96377530
3058339.46480079
3058338.96582628
3058338.46685178
3058337.96787727
3058337.46890276
3058336.96992825
3058336.47095374
3058335.97197923
3058335.47300472
3058334.97403021
3058334.47505570
3058333.97608119
3058333.47710668
3058332.97813217
3058332.47915766
3058331.98018315
3058331.48120864
3058330.98223413
3058330.48325962
3058329.98428511
3058329.48531060
3058328.98633609
3058328.48736158
3058327.98838707
3058327.48941256
3058326.99043805
3058326.49146354
3058325.99248903
3058325.49351452
3058324.99454001
3058324.49556550
3058323.99659099
3058323.49761648
3058322.99864197
3058322.49966746
3058322.00069295
3058321.50171844
3058321.00274393
3058320.50376942
3058320.00479491
3058319.50582040
3058319.00684589
3058318.50787138
3058318.00889687
3058317.50992236
3058317.01094785
3058316.51197334
3058316.01299883
3058315.51402432
3058315.01504981
3058314.51607530
3058314.01710079
3058313.51812628
3058313.01915177
3058312.52017727
3058312.02120276
3058311.52222825
3058311.02325374
3058310.52427923
3058310.02530472
3058309.52633021
3058309.02735570
3058308.52838119
3058308.02940668
3058307.53043217
3058307.03145766
3058306.53248315
3058306.03350864
3058305.53453413
3058305.03555962
3058304.53658511
3058304.03761060
3058303.53863609
3058303.03966158
3058302.54068707
3058302.04171256
3058301.54273805
3058301.04376354
3058300.54478903
3058300.04581452
3058299.54684001
3058299.04786550
3058298.54889099
3058298.04991648
3058297.55094197
3058297.05196746
3058296.55299295
3058296.05401844
3058295.55504393
3058295.05606942
3058294.55709491
3058294.05812040
3058293.55914589
3058293.06017138
3058292.56119687
3058292.06222236
3058291.56324785
3058291.06427334
3058290.56529883
3058290.06632432
3058289.56734981
3058289.06837530
3058288.56940079
3058288.07042628
3058287.57145177
3058287.07247727
3058286.57350276
3058286.07452825
3058285.57555374
3058285.07657923
3058284.57760472
3058284.07863021
3058283.57965570
3058283.08068119
3058282.58170668
3058282.08273217
3058281.58375766
3058281.08478315
3058280.58580864
3058280.08683413
3058279.58785962
3058279.08888511
3058278.58991060
3058278.09093609
3058277.59196158
3058277.09298707
3058276.59401256
3058276.09503805
3058275.59606354
3058275.09708903
3058274.59811452
3058274.09914001
3058273.60016550
3058273.10119099
3058272.60221648
3058272.10324197
3058271.60426746
3058271.10529295
3058270.60631844
3058270.10734393
3058269.60836942
3058269.10939491
3058268.61042040
3058268.11144589
3058267.61247138
3058267.11349687
3058266.61452236
3058266.11554785
3058265.61657334
3058265.11759883
3058264.61862432
3058264.11964981
3058263.62067530
3058263.12170079
3058262.62272628
3058262.12375177
3058261.62477726
3058261.12580276
3058260.62682825
3058260.12785374
3058259.62887923
3058259.12990472
3058258.63093021
3058258.13195570
3058257.63298119
3058257.13400668
3058256.63503217
3058256.13605766
3058255.63708315
3058255.13810864
3058254.63913413
3058254.14015962
3058253.64118511
3058253.14221060
3058252.64323609
3058252.14426158
3058251.64528707
3058251.14631256
3058250.64733805
3058250.14836354
3058249.64938903
3058249.15041452
3058248.65144001
3058248.15246550
3058247.65349099
3058247.15451648
3058246.65554197
3058246.15656746
3058245.65759295
3058245.15861844
3058244.65964393
3058244.16066942
3058243.66169491
3058243.16272040
3058242.66374589
3058242.16477138
3058241.66579687
3058241.16682236
3058240.66784785
3058240.16887334
3058239.66989883
3058239.17092432
3058238.67194981
3058238.17297530
3058237.67400079
3058237.17502628
3058236.67605177
3058236.17707726
3058235.67810276
3058235.17912825
3058234.68015374
3058234.18117923
3058233.68220472
3058233.18323021
3058232.68425570
3058232.18528119
3058231.68630668
3058231.18733217
3058230.68835766
3058230.18938315
3058229.69040864
3058229.19143413
3058228.69245962
3058228.19348511
3058227.69451060
3058227.19553609
3058226.69656158
3058226.19758707
3058225.69861256
3058225.19963805
3058224.70066354
3058224.20168903
3058223.70271452
3058223.20374001
3058222.70476550
3058222.20579099
3058221.70681648
3058221.20784197
3058220.70886746
3058220.20989295
3058219.71091844
3058219.21194393
3058218.71296942
3058218.21399491
3058217.71502040
3058217.21604589
3058216.71707138
3058216.21809687
3058215.71912236
3058215.22014785
3058214.72117334
3058214.22219883
3058213.72322432
3058213.22424981
3058212.72527530
3058212.22630079
3058211.72732628
3058211.22835178
3058210.72937727
3058210.23040276
3058209.73142825
3058209.23245374
3058208.73347923
3058208.23450472
3058207.73553021
3058207.23655570
3058206.73758119
3058206.23860668
3058205.73963217
3058205.24065766
3058204.74168315
3058204.24270864
3058203.74373413
3058203.24475962
3058202.74578511
3058202.24681060
3058201.74783609
3058201.24886158
3058200.74988707
3058200.25091256
3058199.75193805
3058199.25296354
3058198.75398903
3058198.25501452
3058197.75604001
3058197.25706550
3058196.75809099
3058196.25911648
3058195.76014197
3058195.26116746
3058194.76219295
3058194.26321844
3058193.76424393
3058193.26526942
3058192.76629491
3058192.26732040
3058191.76834589
3058191.26937138
3058190.77039687
3058190.27142236
3058189.77244785
3058189.27347334
3058188.77449883
3058188.27552432
3058187.77654981
3058187.27757530
3058186.77860079
3058186.27962628
3058185.78065177
3058185.28167727
3058184.78270276
3058184.28372825
3058183.78475374
3058183.28577923
3058182.78680472
3058182.28783021
3058181.78885570
3058181.28988119
3058180.79090668
3058180.29193217
3058179.79295766
3058179.29398315
3058178.79500864
3058178.29603413
3058177.79705962
3058177.29808511
3058176.79911060
3058176.30013609
3058175.80116158
3058175.30218707
3058174.80321256
3058174.30423805
3058173.80526354
3058173.30628903
3058172.80731452
3058172.30834001
3058171.80936550
3058171.31039099
3058170.81141648
3058170.31244197
3058169.81346746
3058169.31449295
3058168.81551844
3058168.31654393
3058167.81756942
3058167.31859491
3058166.81962040
3058166.32064589
3058165.82167138
3058165.32269687
3058164.82372236
3058164.32474785
3058163.82577334
3058163.32679883
3058162.82782432
3058162.32884981
3058161.82987530
3058161.33090079
3058160.83192628
3058160.33295177
3058159.83397727
3058159.33500276
3058158.83602825
3058158.33705374
3058157.83807923
3058157.33910472
3058156.84013021
3058156.34115570
3058155.84218119
3058155.34320668
3058154.84423217
3058154.34525766
3058153.84628315
3058153.34730864
3058152.84833413
3058152.34935962
3058151.85038511
3058151.35141060
3058150.85243609
3058150.35346158
3058149.85448707
3058149.35551256
3058148.85653805
3058148.35756354
3058147.85858903
3058147.35961452
3058146.86064001
3058146.36166550
3058145.86269099
3058145.36371648
3058144.86474197
3058144.36576746
3058143.86679295
3058143.36781844
3058142.86884393
3058142.36986942
3058141.87089491
3058141.37192040
3058140.87294589
3058140.37397138
3058139.87499687
3058139.37602236
3058138.87704785
3058138.37807334
3058137.87909883
3058137.38012432
3058136.88114981
3058136.38217530
3058135.88320079
3058135.38422628
3058134.88525177
3058134.38627726
3058133.88730276
3058133.38832825
3058132.88935374
3058132.39037923
3058131.89140472
3058131.39243021
3058130.89345570
3058130.39448119
3058129.89550668
3058129.39653217
3058128.89755766
3058128.39858315
3058127.89960864
3058127.40063413
3058126.90165962
3058126.40268511
3058125.90371060
3058125.40473609
3058124.90576158
3058124.40678707
3058123.90781256
3058123.40883805
3058122.90986354
3058122.41088903
3058121.91191452
3058121.41294001
3058120.91396550
3058120.41499099
3058119.91601648
3058119.41704197
3058118.91806746
3058118.41909295
3058117.92011844
3058117.42114393
3058116.92216942
3058116.42319491
3058115.92422040
3058115.42524589
3058114.92627138
3058114.42729687
3058113.92832236
3058113.42934785
3058112.93037334
3058112.43139883
3058111.93242432
3058111.43344981
3058110.93447530
3058110.43550079
3058109.93652628
3058109.43755178
3058108.93857727
3058108.43960276
3058107.94062825
3058107.44165374
3058106.94267923
3058106.44370472
3058105.94473021
3058105.44575570
3058104.94678119
3058104.44780668
3058103.94883217
3058103.44985766
3058102.95088315
3058102.45190864
3058101.95293413
3058101.45395962
3058100.95498511
3058100.45601060
3058099.95703609
3058099.45806158
3058098.95908707
3058098.46011256
3058097.96113805
3058097.46216354
3058096.96318903
3058096.46421452
3058095.96524001
3058095.46626550
3058094.96729099
3058094.46831648
3058093.96934197
3058093.47036746
3058092.97139295
3058092.47241844
3058091.97344393
3058091.47446942
3058090.97549491
3058090.47652040
3058089.97754589
3058089.47857138
3058088.97959687
3058088.48062236
3058087.98164785
3058087.48267334
3058086.98369883
3058086.48472432
3058085.98574981
3058085.48677530
3058084.98780079
3058084.48882628
3058083.98985177
3058083.49087727
3058082.99190276
3058082.49292825
3058081.99395374
3058081.49497923
3058080.99600472
3058080.49703021
3058079.99805570
3058079.49908119
3058079.00010668
3058078.50113217
3058078.00215766
3058077.50318315
3058077.00420864
3058076.50523413
3058076.00625962
3058075.50728511
3058075.00831060
3058074.50933609
3058074.01036158
3058073.51138707
3058073.01241256
3058072.51343805
3058072.01446354
3058071.51548903
3058071.01651452
3058070.51754001
3058070.01856550
3058069.51959099
3058069.02061648
3058068.52164197
3058068.02266746
3058067.52369295
3058067.02471844
3058066.52574393
3058066.02676942
3058065.52779491
3058065.02882040
3058064.52984589
3058064.03087138
3058063.53189687
3058063.03292236
3058062.53394785
3058062.03497334
3058061.53599883
3058061.03702432
3058060.53804981
3058060.03907530
3058059.54010079
3058059.04112628
3058058.54215177
3058058.04317727
3058057.54420276
3058057.04522825
3058056.54625374
3058056.04727923
3058055.54830472
3058055.04933021
3058054.55035570
3058054.05138119
3058053.55240668
3058053.05343217
3058052.55445766
3058052.05548315
3058051.55650864
3058051.05753413
3058050.55855962
3058050.05958511
3058049.56061060
3058049.06163609
3058048.56266158
3058048.06368707
3058047.56471256
3058047.06573805
3058046.56676354
3058046.06778903
3058045.56881452
3058045.06984001
3058044.57086550
3058044.07189099
3058043.57291648
3058043.07394197
3058042.57496746
3058042.07599295
3058041.57701844
3058041.07804393
3058040.57906942
3058040.08009491
3058039.58112040
3058039.08214589
3058038.58317138
3058038.08419687
3058037.58522236
3058037.08624785
3058036.58727334
3058036.08829883
3058035.58932432
3058035.09034981
3058034.59137530
3058034.09240079
3058033.59342628
3058033.09445177
3058032.59547726
3058032.09650276
3058031.59752825
3058031.09855374
3058030.59957923
3058030.10060472
3058029.60163021
3058029.10265570
3058028.60368119
3058028.10470668
3058027.60573217
3058027.10675766
3058026.60778315
3058026.10880864
3058025.60983413
3058025.11085962
3058024.61188511
3058024.11291060
3058023.61393609
3058023.11496158
3058022.61598707
3058022.11701256
3058021.61803805
3058021.11906354
3058020.62008903
3058020.12111452
3058019.62214001
3058019.12316550
3058018.62419099
3058018.12521648
3058017.62624197
3058017.12726746
3058016.62829295
3058016.12931844
3058015.63034393
3058015.13136942
3058014.63239491
3058014.13342040
3058013.63444589
3058013.13547138
3058012.63649687
3058012.13752236
3058011.63854785
3058011.13957334
3058010.64059883
3058010.14162432
3058009.64264981
3058009.14367530
3058008.64470079
3058008.14572628
3058007.64675177
3058007.14777726
3058006.64880276
3058006.14982825
3058005.65085374
3058005.15187923
3058004.65290472
3058004.15393021
3058003.65495570
3058003.15598119
3058002.65700668
3058002.15803217
3058001.65905766
3058001.16008315
3058000.66110864
3058000.16213413
3057999.66315962
3057999.16418511
3057998.66521060
3057998.16623609
3057997.66726158
3057997.16828707
3057996.66931256
3057996.17033805
3057995.67136354
3057995.17238903
3057994.67341452
3057994.17444001
3057993.67546550
3057993.17649099
3057992.67751648
3057992.17854197
3057991.67956746
3057991.18059295
3057990.68161844
3057990.18264393
3057989.68366942
3057989.18469491
3057988.68572040
3057988.18674589
3057987.68777138
3057987.18879687
3057986.68982236
3057986.19084785
3057985.69187334
3057985.19289883
3057984.69392432
3057984.19494981
3057983.69597530
3057983.19700079
3057982.69802628
3057982.19905178
3057981.70007727
3057981.20110276
3057980.70212825
3057980.20315374
3057979.70417923
3057979.20520472
3057978.70623021
3057978.20725570
3057977.70828119
3057977.20930668
3057976.71033217
3057976.21135766
3057975.71238315
3057975.21340864
3057974.71443413
3057974.21545962
3057973.71648511
3057973.21751060
3057972.71853609
3057972.21956158
3057971.72058707
3057971.22161256
3057970.72263805
3057970.22366354
3057969.72468903
3057969.22571452
3057968.72674001
3057968.22776550
3057967.72879099
3057967.22981648
3057966.73084197
3057966.23186746
3057965.73289295
3057965.23391844
3057964.73494393
3057964.23596942
3057963.73699491
3057963.23802040
3057962.73904589
3057962.24007138
3057961.74109687
3057961.24212236
3057960.74314785
3057960.24417334
3057959.74519883
3057959.24622432
3057958.74724981
3057958.24827530
3057957.74930079
3057957.25032628
3057956.75135177
3057956.25237727
3057955.75340276
3057955.25442825
3057954.75545374
3057954.25647923
3057953.75750472
3057953.25853021
3057952.75955570
3057952.26058119
3057951.76160668
3057951.26263217
3057950.76365766
3057950.26468315
3057949.76570864
3057949.26673413
3057948.76775962
3057948.26878511
3057947.76981060
3057947.27083609
3057946.77186158
3057946.27288707
3057945.77391256
3057945.27493805
3057944.77596354
3057944.27698903
3057943.77801452
3057943.27904001
3057942.78006550
3057942.28109099
3057941.78211648
3057941.28314197
3057940.78416746
3057940.28519295
3057939.78621844
3057939.28724393
3057938.78826942
3057938.28929491
3057937.79032040
3057937.29134589
3057936.79237138
3057936.29339687
3057935.79442236
3057935.29544785
3057934.79647334
3057934.29749883
3057933.79852432
3057933.29954981
3057932.80057530
3057932.30160079
3057931.80262628
3057931.30365177
3057930.80467727
3057930.30570276
3057929.80672825
3057929.30775374
3057928.80877923
3057928.30980472
3057927.81083021
3057927.31185570
3057926.81288119
3057926.31390668
3057925.81493217
3057925.31595766
3057924.81698315
3057924.31800864
3057923.81903413
3057923.32005962
3057922.82108511
3057922.32211060
3057921.82313609
3057921.32416158
3057920.82518707
3057920.32621256
3057919.82723805
3057919.32826354
3057918.82928903
3057918.33031452
3057917.83134001
3057917.33236550
3057916.83339099
3057916.33441648
3057915.83544197
3057915.33646746
3057914.83749295
3057914.33851844
3057913.83954393
3057913.34056942
3057912.84159491
3057912.34262040
3057911.84364589
3057911.34467138
3057910.84569687
3057910.34672236
3057909.84774785
3057909.34877334
3057908.84979883
3057908.35082432
3057907.85184981
3057907.35287530
3057906.85390079
3057906.35492628
3057905.85595177
3057905.35697726
3057904.85800276
3057904.35902825
3057903.86005374
3057903.36107923
3057902.86210472
3057902.36313021
3057901.86415570
3057901.36518119
3057900.86620668
3057900.36723217
3057899.86825766
3057899.36928315
3057898.87030864
3057898.37133413
3057897.87235962
3057897.37338511
3057896.87441060
3057896.37543609
3057895.87646158
3057895.37748707
3057894.87851256
3057894.37953805
3057893.88056354
3057893.38158903
3057892.88261452
3057892.38364001
3057891.88466550
3057891.38569099
3057890.88671648
3057890.38774197
3057889.88876746
3057889.38979295
3057888.89081844
3057888.39184393
3057887.89286942
3057887.39389491
3057886.89492040
3057886.39594589
3057885.89697138
3057885.39799687
3057884.89902236
3057884.40004785
3057883.90107334
3057883.40209883
3057882.90312432
3057882.40414981
3057881.90517530
3057881.40620079
3057880.90722628
3057880.40825177
3057879.90927726
3057879.41030276
3057878.91132825
3057878.41235374
3057877.91337923
3057877.41440472
3057876.91543021
3057876.41645570
3057875.91748119
3057875.41850668
3057874.91953217
3057874.42055766
3057873.92158315
3057873.42260864
3057872.92363413
3057872.42465962
3057871.92568511
3057871.42671060
3057870.92773609
3057870.42876158
3057869.92978707
3057869.43081256
3057868.93183805
3057868.43286354
3057867.93388903
3057867.43491452
3057866.93594001
3057866.43696550
3057865.93799099
3057865.43901648
3057864.94004197
3057864.44106746
3057863.94209295
3057863.44311844
3057862.94414393
3057862.44516942
3057861.94619491
3057861.44722040
3057860.94824589
3057860.44927138
3057859.95029687
3057859.45132236
3057858.95234785
3057858.45337334
3057857.95439883
3057857.45542432
3057856.95644981
3057856.45747530
3057855.95850079
3057855.45952628
3057854.96055177
3057854.46157727
3057853.96260276
3057853.46362825
3057852.96465374
3057852.46567923
3057851.96670472
3057851.46773021
3057850.96875570
3057850.46978119
3057849.97080668
3057849.47183217
3057848.97285766
3057848.47388315
3057847.97490864
3057847.47593413
3057846.97695962
3057846.47798511
3057845.97901060
3057845.48003609
3057844.98106158
3057844.48208707
3057843.98311256
3057843.48413805
3057842.98516354
3057842.48618903
3057841.98721452
3057841.48824001
3057840.98926550
3057840.49029099
3057839.99131648
3057839.49234197
3057838.99336746
3057838.49439295
3057837.99541844
3057837.49644393
3057836.99746942
3057836.49849491
3057835.99952040
3057835.50054589
3057835.00157138
3057834.50259687
3057834.00362236
3057833.50464785
3057833.00567334
3057832.50669883
3057832.00772432
3057831.50874981
3057831.00977530
3057830.51080079
3057830.01182628
3057829.51285177
3057829.01387727
3057828.51490276
3057828.01592825
3057827.51695374
3057827.01797923
3057826.51900472
3057826.02003021
3057825.52105570
3057825.02208119
3057824.52310668
3057824.02413217
3057823.52515766
3057823.02618315
3057822.52720864
3057822.02823413
3057821.52925962
3057821.03028511
3057820.53131060
3057820.03233609
3057819.53336158
3057819.03438707
3057818.53541256
3057818.03643805
3057817.53746354
3057817.03848903
3057816.53951452
3057816.04054001
3057815.54156550
3057815.04259099
3057814.54361648
3057814.04464197
3057813.54566746
3057813.04669295
3057812.54771844
3057812.04874393
3057811.54976942
3057811.05079491
3057810.55182040
3057810.05284589
3057809.55387138
3057809.05489687
3057808.55592236
3057808.05694785
3057807.55797334
3057807.05899883
3057806.56002432
3057806.06104981
3057805.56207530
3057805.06310079
3057804.56412628
3057804.06515177
3057803.56617726
3057803.06720276
3057802.56822825
3057802.06925374
3057801.57027923
3057801.07130472
3057800.57233021
3057800.07335570
3057799.57438119
3057799.07540668
3057798.57643217
3057798.07745766
3057797.57848315
3057797.07950864
3057796.58053413
3057796.08155962
3057795.58258511
3057795.08361060
3057794.58463609
3057794.08566158
3057793.58668707
3057793.08771256
3057792.58873805
3057792.08976354
3057791.59078903
3057791.09181452
3057790.59284001
3057790.09386550
3057789.59489099
3057789.09591648
3057788.59694197
3057788.09796746
3057787.59899295
3057787.10001844
3057786.60104393
3057786.10206942
3057785.60309491
3057785.10412040
3057784.60514589
3057784.10617138
3057783.60719687
3057783.10822236
3057782.60924785
3057782.11027334
3057781.61129883
3057781.11232432
3057780.61334981
3057780.11437530
3057779.61540079
3057779.11642628
3057778.61745177
3057778.11847726
3057777.61950276
3057777.12052825
3057776.62155374
3057776.12257923
3057775.62360472
3057775.12463021
3057774.62565570
3057774.12668119
3057773.62770668
3057773.12873217
3057772.62975766
3057772.13078315
3057771.63180864
3057771.13283413
3057770.63385962
3057770.13488511
3057769.63591060
3057769.13693609
3057768.63796158
3057768.13898707
3057767.64001256
3057767.14103805
3057766.64206354
3057766.14308903
3057765.64411452
3057765.14514001
3057764.64616550
3057764.14719099
3057763.64821648
3057763.14924197
3057762.65026746
3057762.15129295
3057761.65231844
3057761.15334393
3057760.65436942
3057760.15539491
3057759.65642040
3057759.15744589
3057758.65847138
3057758.15949687
3057757.66052236
3057757.16154785
3057756.66257334
3057756.16359883
3057755.66462432
3057755.16564981
3057754.66667530
3057754.16770079
3057753.66872628
3057753.16975177
3057752.67077726
3057752.17180275
3057751.67282825
3057751.17385374
3057750.67487923
3057750.17590472
3057749.67693021
3057749.17795570
3057748.67898119
3057748.18000668
3057747.68103217
3057747.18205766
3057746.68308315
3057746.18410864
3057745.68513413
3057745.18615962
3057744.68718511
3057744.18821060
3057743.68923609
3057743.19026158
3057742.69128707
3057742.19231256
3057741.69333805
3057741.19436354
3057740.69538903
3057740.19641452
3057739.69744001
3057739.19846550
3057738.69949099
3057738.20051648
3057737.70154197
3057737.20256746
3057736.70359295
3057736.20461844
3057735.70564393
3057735.20666942
3057734.70769491
3057734.20872040
3057733.70974589
3057733.21077138
3057732.71179687
3057732.21282236
3057731.71384785
3057731.21487334
3057730.71589883
3057730.21692432
3057729.71794981
3057729.21897530
3057728.72000079
3057728.22102628
3057727.72205177
3057727.22307727
3057726.72410276
3057726.22512825
3057725.72615374
3057725.22717923
3057724.72820472
3057724.22923021
3057723.73025570
3057723.23128119
3057722.73230668
3057722.23333217
3057721.73435766
3057721.23538315
3057720.73640864
3057720.23743413
3057719.73845962
3057719.23948511
3057718.74051060
3057718.24153609
3057717.74256158
3057717.24358707
3057716.74461256
3057716.24563805
3057715.74666354
3057715.24768903
3057714.74871452
3057714.24974001
3057713.75076550
3057713.25179099
3057712.75281648
3057712.25384197
3057711.75486746
3057711.25589295
3057710.75691844
3057710.25794393
3057709.75896942
3057709.25999491
3057708.76102040
3057708.26204589
3057707.76307138
3057707.26409687
3057706.76512236
3057706.26614785
3057705.76717334
3057705.26819883
3057704.76922432
3057704.27024981
3057703.77127530
3057703.27230079
3057702.77332628
3057702.27435177
3057701.77537726
3057701.27640276
3057700.77742825
3057700.27845374
3057699.77947923
3057699.28050472
3057698.78153021
3057698.28255570
3057697.78358119
3057697.28460668
3057696.78563217
3057696.28665766
3057695.78768315
3057695.28870864
3057694.78973413
3057694.29075962
3057693.79178511
3057693.29281060
3057692.79383609
3057692.29486158
3057691.79588707
3057691.29691256
3057690.79793805
3057690.29896354
3057689.79998903
3057689.30101452
3057688.80204001
3057688.30306550
3057687.80409099
3057687.30511648
3057686.80614197
3057686.30716746
3057685.80819295
3057685.30921844
3057684.81024393
3057684.31126942
3057683.81229491
3057683.31332040
3057682.81434589
3057682.31537138
3057681.81639687
3057681.31742236
3057680.81844785
3057680.31947334
3057679.82049883
3057679.32152432
3057678.82254981
3057678.32357530
3057677.82460079
3057677.32562628
3057676.82665177
3057676.32767726
3057675.82870276
3057675.32972825
3057674.83075374
3057674.33177923
3057673.83280472
3057673.33383021
3057672.83485570
3057672.33588119
3057671.83690668
3057671.33793217
3057670.83895766
3057670.33998315
3057669.84100864
3057669.34203413
3057668.84305962
3057668.34408511
3057667.84511060
3057667.34613609
3057666.84716158
3057666.34818707
3057665.84921256
3057665.35023805
3057664.85126354
3057664.35228903
3057663.85331452
3057663.35434001
3057662.85536550
3057662.35639099
3057661.85741648
3057661.35844197
3057660.85946746
3057660.36049295
3057659.86151844
3057659.36254393
3057658.86356942
3057658.36459491
3057657.86562040
3057657.36664589
3057656.86767138
3057656.36869687
3057655.86972236
3057655.37074785
3057654.87177334
3057654.37279883
3057653.87382432
3057653.37484981
3057652.87587530
3057652.37690079
3057651.87792628
3057651.37895177
3057650.87997726
3057650.38100275
3057649.88202825
3057649.38305374
3057648.88407923
3057648.38510472
3057647.88613021
3057647.38715570
3057646.88818119
3057646.38920668
3057645.89023217
3057645.39125766
3057644.89228315
3057644.39330864
3057643.89433413
3057643.39535962
3057642.89638511
3057642.39741060
3057641.89843609
3057641.39946158
3057640.90048707
3057640.40151256
3057639.90253805
3057639.40356354
3057638.90458903
3057638.40561452
3057637.90664001
3057637.40766550
3057636.90869099
3057636.40971648
3057635.91074197
3057635.41176746
3057634.91279295
3057634.41381844
3057633.91484393
3057633.41586942
3057632.91689491
3057632.41792040
3057631.91894589
3057631.41997138
3057630.92099687
3057630.42202236
3057629.92304785
3057629.42407334
3057628.92509883
3057628.42612432
3057627.92714981
3057627.42817530
3057626.92920079
3057626.43022628
3057625.93125177
3057625.43227727
3057624.93330276
3057624.43432825
3057623.93535374
3057623.43637923
3057622.93740472
3057622.43843021
3057621.93945570
3057621.44048119
3057620.94150668
3057620.44253217
3057619.94355766
3057619.44458315
3057618.94560864
3057618.44663413
3057617.94765962
3057617.44868511
3057616.94971060
3057616.45073609
3057615.95176158
3057615.45278707
3057614.95381256
3057614.45483805
3057613.95586354
3057613.45688903
3057612.95791452
3057612.45894001
3057611.95996550
3057611.46099099
3057610.96201648
3057610.46304197
3057609.96406746
3057609.46509295
3057608.96611844
3057608.46714393
3057607.96816942
3057607.46919491
3057606.97022040
3057606.47124589
3057605.97227138
3057605.47329687
3057604.97432236
3057604.47534785
3057603.97637334
3057603.47739883
3057602.97842432
3057602.47944981
3057601.98047530
3057601.48150079
3057600.98252628
3057600.48355177
3057599.98457727
3057599.48560276
3057598.98662825
3057598.48765374
3057597.98867923
3057597.48970472
3057596.99073021
3057596.49175570
3057595.99278119
3057595.49380668
3057594.99483217
3057594.49585766
3057593.99688315
3057593.49790864
3057592.99893413
3057592.49995962
3057592.00098511
3057591.50201060
3057591.00303609
3057590.50406158
3057590.00508707
3057589.50611256
3057589.00713805
3057588.50816354
3057588.00918903
3057587.51021452
3057587.01124001
3057586.51226550
3057586.01329099
3057585.51431648
3057585.01534197
3057584.51636746
3057584.01739295
3057583.51841844
3057583.01944393
3057582.52046942
3057582.02149491
3057581.52252040
3057581.02354589
3057580.52457138
3057580.02559687
3057579.52662236
3057579.02764785
3057578.52867334
3057578.02969883
3057577.53072432
3057577.03174981
3057576.53277530
3057576.03380079
3057575.53482628
3057575.03585177
3057574.53687726
3057574.03790276
3057573.53892825
3057573.03995374
3057572.54097923
3057572.04200472
3057571.54303021
3057571.04405570
3057570.54508119
3057570.04610668
3057569.54713217
3057569.04815766
3057568.54918315
3057568.05020864
3057567.55123413
3057567.05225962
3057566.55328511
3057566.05431060
3057565.55533609
3057565.05636158
3057564.55738707
3057564.05841256
3057563.55943805
3057563.06046354
3057562.56148903
3057562.06251452
3057561.56354001
3057561.06456550
3057560.56559099
3057560.06661648
3057559.56764197
3057559.06866746
3057558.56969295
3057558.07071844
3057557.57174393
3057557.07276942
3057556.57379491
3057556.07482040
3057555.57584589
3057555.07687138
3057554.57789687
3057554.07892236
3057553.57994785
3057553.08097334
3057552.58199883
3057552.08302432
3057551.58404981
3057551.08507530
3057550.58610079
3057550.08712628
3057549.58815177
3057549.08917726
3057548.59020276
3057548.09122825
3057547.59225374
3057547.09327923
3057546.59430472
3057546.09533021
3057545.59635570
3057545.09738119
3057544.59840668
3057544.09943217
3057543.60045766
3057543.10148315
3057542.60250864
3057542.10353413
3057541.60455962
3057541.10558511
3057540.60661060
3057540.10763609
3057539.60866158
3057539.10968707
3057538.61071256
3057538.11173805
3057537.61276354
3057537.11378903
3057536.61481452
3057536.11584001
3057535.61686550
3057535.11789099
3057534.61891648
3057534.11994197
3057533.62096746
3057533.12199295
3057532.62301844
3057532.12404393
3057531.62506942
3057531.12609491
3057530.62712040
3057530.12814589
3057529.62917138
3057529.13019687
3057528.63122236
3057528.13224785
3057527.63327334
3057527.13429883
3057526.63532432
3057526.13634981
3057525.63737530
3057525.13840079
3057524.63942628
3057524.14045177
3057523.64147726
3057523.14250275
3057522.64352825
3057522.14455374
3057521.64557923
3057521.14660472
3057520.64763021
3057520.14865570
3057519.64968119
3057519.15070668
3057518.65173217
3057518.15275766
3057517.65378315
3057517.15480864
3057516.65583413
3057516.15685962
3057515.65788511
3057515.15891060
3057514.65993609
3057514.16096158
3057513.66198707
3057513.16301256
3057512.66403805
3057512.16506354
3057511.66608903
3057511.16711452
3057510.66814001
3057510.16916550
3057509.67019099
3057509.17121648
3057508.67224197
3057508.17326746
3057507.67429295
3057507.17531844
3057506.67634393
3057506.17736942
3057505.67839491
3057505.17942040
3057504.68044589
3057504.18147138
3057503.68249687
3057503.18352236
3057502.68454785
3057502.18557334
3057501.68659883
3057501.18762432
3057500.68864981
3057500.18967530
3057499.69070079
3057499.19172628
3057498.69275177
3057498.19377727
3057497.69480276
3057497.19582825
3057496.69685374
3057496.19787923
3057495.69890472
3057495.19993021
3057494.70095570
3057494.20198119
3057493.70300668
3057493.20403217
3057492.70505766
3057492.20608315
3057491.70710864
3057491.20813413
3057490.70915962
3057490.21018511
3057489.71121060
3057489.21223609
3057488.71326158
3057488.21428707
3057487.71531256
3057487.21633805
3057486.71736354
3057486.21838903
3057485.71941452
3057485.22044001
3057484.72146550
3057484.22249099
3057483.72351648
3057483.22454197
3057482.72556746
3057482.22659295
3057481.72761844
3057481.22864393
3057480.72966942
3057480.23069491
3057479.73172040
3057479.23274589
3057478.73377138
3057478.23479687
3057477.73582236
3057477.23684785
3057476.73787334
3057476.23889883
3057475.73992432
3057475.24094981
3057474.74197530
3057474.24300079
3057473.74402628
3057473.24505177
3057472.74607726
3057472.24710276
3057471.74812825
3057471.24915374
3057470.75017923
3057470.25120472
3057469.75223021
3057469.25325570
3057468.75428119
3057468.25530668
3057467.75633217
3057467.25735766
3057466.75838315
3057466.25940864
3057465.76043413
3057465.26145962
3057464.76248511
3057464.26351060
3057463.76453609
3057463.26556158
3057462.76658707
3057462.26761256
3057461.76863805
3057461.26966354
3057460.77068903
3057460.27171452
3057459.77274001
3057459.27376550
3057458.77479099
3057458.27581648
3057457.77684197
3057457.27786746
3057456.77889295
3057456.27991844
3057455.78094393
3057455.28196942
3057454.78299491
3057454.28402040
3057453.78504589
3057453.28607138
3057452.78709687
3057452.28812236
3057451.78914785
3057451.29017334
3057450.79119883
3057450.29222432
3057449.79324981
3057449.29427530
3057448.79530079
3057448.29632628
3057447.79735177
3057447.29837726
3057446.79940276
3057446.30042825
3057445.80145374
3057445.30247923
3057444.80350472
3057444.30453021
