66.80669903
67.30567354
67.80464804
68.30362255
68.80259706
69.30157157
69.80054608
70.29952059
70.79849510
71.29746961
71.79644412
72.29541863
72.79439314
73.29336765
73.79234216
74.29131667
74.79029118
75.28926569
75.78824020
76.28721471
76.78618922
77.28516373
77.78413824
78.28311275
78.78208726
79.28106177
79.78003628
80.27901079
80.77798530
81.27695981
81.77593432
82.27490883
82.77388334
83.27285785
83.77183236
84.27080687
84.76978138
85.26875589
85.76773040
86.26670491
86.76567942
87.26465393
87.76362844
88.26260295
88.76157746
89.26055197
89.75952648
90.25850099
90.75747550
91.25645001
91.75542452
92.25439903
92.75337354
93.25234804
93.75132255
94.25029706
94.74927157
95.24824608
95.74722059
96.24619510
96.74516961
97.24414412
97.74311863
98.24209314
98.74106765
99.24004216
99.73901667
100.23799118
100.73696569
101.23594020
101.73491471
102.23388922
102.73286373
103.23183824
103.73081275
104.22978726
104.72876177
105.22773628
105.72671079
106.22568530
106.72465981
107.22363432
107.72260883
108.22158334
108.72055785
109.21953236
109.71850687
110.21748138
110.71645589
111.21543040
111.71440491
112.21337942
112.71235393
113.21132844
113.71030295
114.20927746
114.70825197
115.20722648
115.70620099
116.20517550
116.70415001
117.20312452
117.70209903
118.20107354
118.70004804
119.19902255
119.69799706
120.19697157
120.69594608
121.19492059
121.69389510
122.19286961
122.69184412
123.19081863
123.68979314
124.18876765
124.68774216
125.18671667
125.68569118
126.18466569
126.68364020
127.18261471
127.68158922
128.18056373
128.67953824
129.17851275
129.67748726
130.17646177
130.67543628
131.17441079
131.67338530
132.17235981
132.67133432
133.17030883
133.66928334
134.16825785
134.66723236
135.16620687
135.66518138
136.16415589
136.66313040
137.16210491
137.66107942
138.16005393
138.65902844
139.15800295
139.65697746
140.15595197
140.65492648
141.15390099
141.65287550
142.15185001
142.65082452
143.14979903
143.64877354
144.14774804
144.64672255
145.14569706
145.64467157
146.14364608
146.64262059
147.14159510
147.64056961
148.13954412
148.63851863
149.13749314
149.63646765
150.13544216
150.63441667
151.13339118
151.63236569
152.13134020
152.63031471
153.12928922
153.62826373
154.12723824
154.62621275
155.12518726
155.62416177
156.12313628
156.62211079
157.12108530
157.62005981
158.11903432
158.61800883
159.11698334
159.61595785
160.11493236
160.61390687
161.11288138
161.61185589
162.11083040
162.60980491
163.10877942
163.60775393
164.10672844
164.60570295
165.10467746
165.60365197
166.10262648
166.60160099
167.10057550
167.59955001
168.09852452
168.59749903
169.09647354
169.59544804
170.09442255
170.59339706
171.09237157
171.59134608
172.09032059
172.58929510
173.08826961
173.58724412
174.08621863
174.58519314
175.08416765
175.58314216
176.08211667
176.58109118
177.08006569
177.57904020
178.07801471
178.57698922
179.07596373
179.57493824
-179.92608725
-179.42711274
-178.92813823
-178.42916372
-177.93018921
-177.43121470
-176.93224019
-176.43326568
-175.93429117
-175.43531666
-174.93634215
-174.43736764
-173.93839313
-173.43941862
-172.94044411
-172.44146960
-171.94249509
-171.44352058
-170.94454607
-170.44557156
-169.94659705
-169.44762254
-168.94864803
-168.44967352
-167.95069901
-167.45172450
-166.95274999
-166.45377548
-165.95480097
-165.45582646
-164.95685196
-164.45787745
-163.95890294
-163.45992843
-162.96095392
-162.46197941
-161.96300490
-161.46403039
-160.96505588
-160.46608137
-159.96710686
-159.46813235
-158.96915784
-158.47018333
-157.97120882
-157.47223431
-156.97325980
-156.47428529
-155.97531078
-155.47633627
-154.97736176
-154.47838725
-153.97941274
-153.48043823
-152.98146372
-152.48248921
-151.98351470
-151.48454019
-150.98556568
-150.48659117
-149.98761666
-149.48864215
-148.98966764
-148.49069313
-147.99171862
-147.49274411
-146.99376960
-146.49479509
-145.99582058
-145.49684607
-144.99787156
-144.49889705
-143.99992254
-143.50094803
-143.00197352
-142.50299901
-142.00402450
-141.50504999
-141.00607548
-140.50710097
-140.00812646
-139.50915196
-139.01017745
-138.51120294
-138.01222843
-137.51325392
-137.01427941
-136.51530490
-136.01633039
-135.51735588
-135.01838137
-134.51940686
-134.02043235
-133.52145784
-133.02248333
-132.52350882
-132.02453431
-131.52555980
-131.02658529
-130.52761078
-130.02863627
-129.52966176
-129.03068725
-128.53171274
-128.03273823
-127.53376372
-127.03478921
-126.53581470
-126.03684019
-125.53786568
-125.03889117
-124.53991666
-124.04094215
-123.54196764
-123.04299313
-122.54401862
-122.04504411
-121.54606960
-121.04709509
-120.54812058
-120.04914607
-119.55017156
-119.05119705
-118.55222254
-118.05324803
-117.55427352
-117.05529901
-116.55632450
-116.05734999
-115.55837548
-115.05940097
-114.56042646
-114.06145196
-113.56247745
-113.06350294
-112.56452843
-112.06555392
-111.56657941
-111.06760490
-110.56863039
-110.06965588
-109.57068137
-109.07170686
-108.57273235
-108.07375784
-107.57478333
-107.07580882
-106.57683431
-106.07785980
-105.57888529
-105.07991078
-104.58093627
-104.08196176
-103.58298725
-103.08401274
-102.58503823
-102.08606372
-101.58708921
-101.08811470
-100.58914019
-100.09016568
-99.59119117
-99.09221666
-98.59324215
-98.09426764
-97.59529313
-97.09631862
-96.59734411
-96.09836960
-95.59939509
-95.10042058
-94.60144607
-94.10247156
-93.60349705
-93.10452254
-92.60554803
-92.10657352
-91.60759901
-91.10862450
-90.60964999
-90.11067548
-89.61170097
-89.11272646
-88.61375196
-88.11477745
-87.61580294
-87.11682843
-86.61785392
-86.11887941
-85.61990490
-85.12093039
-84.62195588
-84.12298137
-83.62400686
-83.12503235
-82.62605784
-82.12708333
-81.62810882
-81.12913431
-80.63015980
-80.13118529
-79.63221078
-79.13323627
-78.63426176
-78.13528725
-77.63631274
-77.13733823
-76.63836372
-76.13938921
-75.64041470
-75.14144019
-74.64246568
-74.14349117
-73.64451666
-73.14554215
-72.64656764
-72.14759313
-71.64861862
-71.14964411
-70.65066960
-70.15169509
-69.65272058
-69.15374607
-68.65477156
-68.15579705
-67.65682254
-67.15784803
-66.65887352
-66.15989901
-65.66092450
-65.16194999
-64.66297548
-64.16400097
-63.66502646
-63.16605196
-62.66707745
-62.16810294
-61.66912843
-61.17015392
-60.67117941
-60.17220490
-59.67323039
-59.17425588
-58.67528137
-58.17630686
-57.67733235
-57.17835784
-56.67938333
-56.18040882
-55.68143431
-55.18245980
-54.68348529
-54.18451078
-53.68553627
-53.18656176
-52.68758725
-52.18861274
-51.68963823
-51.19066372
-50.69168921
-50.19271470
-49.69374019
-49.19476568
-48.69579117
-48.19681666
-47.69784215
-47.19886764
-46.69989313
-46.20091862
-45.70194411
-45.20296960
-44.70399509
-44.20502058
-43.70604607
-43.20707156
-42.70809705
-42.20912254
-41.71014803
-41.21117352
-40.71219901
-40.21322450
-39.71424999
-39.21527548
-38.71630097
-38.21732646
-37.71835196
-37.21937745
-36.72040294
-36.22142843
-35.72245392
-35.22347941
-34.72450490
-34.22553039
-33.72655588
-33.22758137
-32.72860686
-32.22963235
-31.73065784
-31.23168333
-30.73270882
-30.23373431
-29.73475980
-29.23578529
-28.73681078
-28.23783627
-27.73886176
-27.23988725
-26.74091274
-26.24193823
-25.74296372
-25.24398921
-24.74501470
-24.24604019
-23.74706568
-23.24809117
-22.74911666
-22.25014215
-21.75116764
-21.25219313
-20.75321862
-20.25424411
-19.75526960
-19.25629509
-18.75732058
-18.25834607
-17.75937156
-17.26039705
-16.76142254
-16.26244803
-15.76347352
-15.26449901
-14.76552450
-14.26654999
-13.76757548
-13.26860097
-12.76962646
-12.27065196
-11.77167745
-11.27270294
-10.77372843
-10.27475392
-9.77577941
-9.27680490
-8.77783039
-8.27885588
-7.77988137
-7.28090686
-6.78193235
-6.28295784
-5.78398333
-5.28500882
-4.78603431
-4.28705980
-3.78808529
-3.28911078
-2.79013627
-2.29116176
-1.79218725
-1.29321274
-0.79423823
-0.29526372
0.20371079
0.70268530
1.20165981
1.70063432
2.19960883
2.69858334
3.19755785
3.69653236
4.19550687
4.69448138
5.19345589
5.69243040
6.19140491
6.69037942
7.18935393
7.68832844
8.18730295
8.68627746
9.18525197
9.68422648
10.18320099
10.68217550
11.18115001
11.68012452
12.17909903
12.67807354
13.17704804
13.67602255
14.17499706
14.67397157
15.17294608
15.67192059
16.17089510
16.66986961
17.16884412
17.66781863
18.16679314
18.66576765
19.16474216
19.66371667
20.16269118
20.66166569
21.16064020
21.65961471
22.15858922
22.65756373
23.15653824
23.65551275
24.15448726
24.65346177
25.15243628
25.65141079
26.15038530
26.64935981
27.14833432
27.64730883
28.14628334
28.64525785
29.14423236
29.64320687
30.14218138
30.64115589
31.14013040
31.63910491
32.13807942
32.63705393
33.13602844
33.63500295
34.13397746
34.63295197
35.13192648
35.63090099
36.12987550
36.62885001
37.12782452
37.62679903
38.12577354
38.62474804
39.12372255
39.62269706
40.12167157
40.62064608
41.11962059
41.61859510
42.11756961
42.61654412
43.11551863
43.61449314
44.11346765
44.61244216
45.11141667
45.61039118
46.10936569
46.60834020
47.10731471
47.60628922
48.10526373
48.60423824
49.10321275
49.60218726
50.10116177
50.60013628
51.09911079
51.59808530
52.09705981
52.59603432
53.09500883
53.59398334
54.09295785
54.59193236
55.09090687
55.58988138
56.08885589
56.58783040
57.08680491
57.58577942
58.08475393
58.58372844
59.08270295
59.58167746
60.08065197
60.57962648
61.07860099
61.57757550
62.07655001
62.57552452
63.07449903
63.57347354
64.07244804
64.57142255
65.07039706
65.56937157
66.06834608
66.56732059
67.06629510
67.56526961
68.06424412
68.56321863
69.06219314
69.56116765
70.06014216
70.55911667
71.05809118
71.55706569
72.05604020
72.55501471
73.05398922
73.55296373
74.05193824
74.55091275
75.04988726
75.54886177
76.04783628
76.54681079
77.04578530
77.54475981
78.04373432
78.54270883
79.04168334
79.54065785
80.03963236
80.53860687
81.03758138
81.53655589
82.03553040
82.53450491
83.03347942
83.53245393
84.03142844
84.53040295
85.02937746
85.52835197
86.02732648
86.52630099
87.02527550
87.52425001
88.02322452
88.52219903
89.02117354
89.52014804
90.01912255
90.51809706
91.01707157
91.51604608
92.01502059
92.51399510
93.01296961
93.51194412
94.01091863
94.50989314
95.00886765
95.50784216
96.00681667
96.50579118
97.00476569
97.50374020
98.00271471
98.50168922
99.00066373
99.49963824
99.99861275
100.49758726
100.99656177
101.49553628
101.99451079
102.49348530
102.99245981
103.49143432
103.99040883
104.48938334
104.98835785
105.48733236
105.98630687
106.48528138
106.98425589
107.48323040
107.98220491
108.48117942
108.98015393
109.47912844
109.97810295
110.47707746
110.97605197
111.47502648
111.97400099
112.47297550
112.97195001
113.47092452
113.96989903
114.46887354
114.96784804
115.46682255
115.96579706
116.46477157
116.96374608
117.46272059
117.96169510
118.46066961
118.95964412
119.45861863
119.95759314
120.45656765
120.95554216
121.45451667
121.95349118
122.45246569
122.95144020
123.45041471
123.94938922
124.44836373
124.94733824
125.44631275
125.94528726
126.44426177
126.94323628
127.44221079
127.94118530
128.44015981
128.93913432
129.43810883
129.93708334
130.43605785
130.93503236
131.43400687
131.93298138
132.43195589
132.93093040
133.42990491
133.92887942
134.42785393
134.92682844
135.42580295
135.92477746
136.42375197
136.92272648
137.42170099
137.92067550
138.41965001
138.91862452
139.41759903
139.91657354
140.41554805
140.91452255
141.41349706
141.91247157
142.41144608
142.91042059
143.40939510
143.90836961
144.40734412
144.90631863
145.40529314
145.90426765
146.40324216
146.90221667
147.40119118
147.90016569
148.39914020
148.89811471
149.39708922
149.89606373
150.39503824
150.89401275
151.39298726
151.89196177
152.39093628
152.88991079
153.38888530
153.88785981
154.38683432
154.88580883
155.38478334
155.88375785
156.38273236
156.88170687
157.38068138
157.87965589
158.37863040
158.87760491
159.37657942
159.87555393
160.37452844
160.87350295
161.37247746
161.87145197
162.37042648
162.86940099
163.36837550
163.86735001
164.36632452
164.86529903
165.36427354
165.86324805
166.36222255
166.86119706
167.36017157
167.85914608
168.35812059
168.85709510
169.35606961
169.85504412
170.35401863
170.85299314
171.35196765
171.85094216
172.34991667
172.84889118
173.34786569
173.84684020
174.34581471
174.84478922
175.34376373
175.84273824
176.34171275
176.84068726
177.33966177
177.83863628
178.33761079
178.83658530
179.33555981
179.83453432
-179.66649117
-179.16751666
-178.66854215
-178.16956764
-177.67059313
-177.17161862
-176.67264411
-176.17366960
-175.67469509
-175.17572058
-174.67674607
-174.17777156
-173.67879705
-173.17982254
-172.68084803
-172.18187352
-171.68289901
-171.18392450
-170.68494999
-170.18597548
-169.68700097
-169.18802646
-168.68905196
-168.19007745
-167.69110294
-167.19212843
-166.69315392
-166.19417941
-165.69520490
-165.19623039
-164.69725588
-164.19828137
-163.69930686
-163.20033235
-162.70135784
-162.20238333
-161.70340882
-161.20443431
-160.70545980
-160.20648529
-159.70751078
-159.20853627
-158.70956176
-158.21058725
-157.71161274
-157.21263823
-156.71366372
-156.21468921
-155.71571470
-155.21674019
-154.71776568
-154.21879117
-153.71981666
-153.22084215
-152.72186764
-152.22289313
-151.72391862
-151.22494411
-150.72596960
-150.22699509
-149.72802058
-149.22904607
-148.73007156
-148.23109705
-147.73212254
-147.23314803
-146.73417352
-146.23519901
-145.73622450
-145.23724999
-144.73827548
-144.23930097
-143.74032646
-143.24135196
-142.74237745
-142.24340294
-141.74442843
-141.24545392
-140.74647941
-140.24750490
-139.74853039
-139.24955588
-138.75058137
-138.25160686
-137.75263235
-137.25365784
-136.75468333
-136.25570882
-135.75673431
-135.25775980
-134.75878529
-134.25981078
-133.76083627
-133.26186176
-132.76288725
-132.26391274
-131.76493823
-131.26596372
-130.76698921
-130.26801470
-129.76904019
-129.27006568
-128.77109117
-128.27211666
-127.77314215
-127.27416764
-126.77519313
-126.27621862
-125.77724411
-125.27826960
-124.77929509
-124.28032058
-123.78134607
-123.28237156
-122.78339705
-122.28442254
-121.78544803
-121.28647352
-120.78749901
-120.28852450
-119.78954999
-119.29057548
-118.79160097
-118.29262646
-117.79365196
-117.29467745
-116.79570294
-116.29672843
-115.79775392
-115.29877941
-114.79980490
-114.30083039
-113.80185588
-113.30288137
-112.80390686
-112.30493235
-111.80595784
-111.30698333
-110.80800882
-110.30903431
-109.81005980
-109.31108529
-108.81211078
-108.31313627
-107.81416176
-107.31518725
-106.81621274
-106.31723823
-105.81826372
-105.31928921
-104.82031470
-104.32134019
-103.82236568
-103.32339117
-102.82441666
-102.32544215
-101.82646764
-101.32749313
-100.82851862
-100.32954411
-99.83056960
-99.33159509
-98.83262058
-98.33364607
-97.83467156
-97.33569705
-96.83672254
-96.33774803
-95.83877352
-95.33979901
-94.84082450
-94.34184999
-93.84287548
-93.34390097
-92.84492646
-92.34595196
-91.84697745
-91.34800294
-90.84902843
-90.35005392
-89.85107941
-89.35210490
-88.85313039
-88.35415588
-87.85518137
-87.35620686
-86.85723235
-86.35825784
-85.85928333
-85.36030882
-84.86133431
-84.36235980
-83.86338529
-83.36441078
-82.86543627
-82.36646176
-81.86748725
-81.36851274
-80.86953823
-80.37056372
-79.87158921
-79.37261470
-78.87364019
-78.37466568
-77.87569117
-77.37671666
-76.87774215
-76.37876764
-75.87979313
-75.38081862
-74.88184411
-74.38286960
-73.88389509
-73.38492058
-72.88594607
-72.38697156
-71.88799705
-71.38902254
-70.89004803
-70.39107352
-69.89209901
-69.39312450
-68.89414999
-68.39517548
-67.89620097
-67.39722646
-66.89825195
-66.39927745
-65.90030294
-65.40132843
-64.90235392
-64.40337941
-63.90440490
-63.40543039
-62.90645588
-62.40748137
-61.90850686
-61.40953235
-60.91055784
-60.41158333
-59.91260882
-59.41363431
-58.91465980
-58.41568529
-57.91671078
-57.41773627
-56.91876176
-56.41978725
-55.92081274
-55.42183823
-54.92286372
-54.42388921
-53.92491470
-53.42594019
-52.92696568
-52.42799117
-51.92901666
-51.43004215
-50.93106764
-50.43209313
-49.93311862
-49.43414411
-48.93516960
-48.43619509
-47.93722058
-47.43824607
-46.93927156
-46.44029705
-45.94132254
-45.44234803
-44.94337352
-44.44439901
-43.94542450
-43.44644999
-42.94747548
-42.44850097
-41.94952646
-41.45055195
-40.95157745
-40.45260294
-39.95362843
-39.45465392
-38.95567941
-38.45670490
-37.95773039
-37.45875588
-36.95978137
-36.46080686
-35.96183235
-35.46285784
-34.96388333
-34.46490882
-33.96593431
-33.46695980
-32.96798529
-32.46901078
-31.97003627
-31.47106176
-30.97208725
-30.47311274
-29.97413823
-29.47516372
-28.97618921
-28.47721470
-27.97824019
-27.47926568
-26.98029117
-26.48131666
-25.98234215
-25.48336764
-24.98439313
-24.48541862
-23.98644411
-23.48746960
-22.98849509
-22.48952058
-21.99054607
-21.49157156
-20.99259705
-20.49362254
-19.99464803
-19.49567352
-18.99669901
-18.49772450
-17.99874999
-17.49977548
-17.00080097
-16.50182646
-16.00285196
-15.50387745
-15.00490294
-14.50592843
-14.00695392
-13.50797941
-13.00900490
-12.51003039
-12.01105588
-11.51208137
-11.01310686
-10.51413235
-10.01515784
-9.51618333
-9.01720882
-8.51823431
-8.01925980
-7.52028529
-7.02131078
-6.52233627
-6.02336176
-5.52438725
-5.02541274
-4.52643823
-4.02746372
-3.52848921
-3.02951470
-2.53054019
-2.03156568
-1.53259117
-1.03361666
-0.53464215
-0.03566764
0.46330687
0.96228138
1.46125589
1.96023040
2.45920491
2.95817942
3.45715393
3.95612844
4.45510295
4.95407746
5.45305197
5.95202648
6.45100099
6.94997550
7.44895001
7.94792452
8.44689903
8.94587354
9.44484805
9.94382255
10.44279706
10.94177157
11.44074608
11.93972059
12.43869510
12.93766961
13.43664412
13.93561863
14.43459314
14.93356765
15.43254216
15.93151667
16.43049118
16.92946569
17.42844020
17.92741471
18.42638922
18.92536373
19.42433824
19.92331275
20.42228726
20.92126177
21.42023628
21.91921079
22.41818530
22.91715981
23.41613432
23.91510883
24.41408334
24.91305785
25.41203236
25.91100687
26.40998138
26.90895589
27.40793040
27.90690491
28.40587942
28.90485393
29.40382844
29.90280295
30.40177746
30.90075197
31.39972648
31.89870099
32.39767550
32.89665001
33.39562452
33.89459903
34.39357354
34.89254805
35.39152255
35.89049706
36.38947157
36.88844608
37.38742059
37.88639510
38.38536961
38.88434412
39.38331863
39.88229314
40.38126765
40.88024216
41.37921667
41.87819118
42.37716569
42.87614020
43.37511471
43.87408922
44.37306373
44.87203824
45.37101275
45.86998726
46.36896177
46.86793628
47.36691079
47.86588530
48.36485981
48.86383432
49.36280883
49.86178334
50.36075785
50.85973236
51.35870687
51.85768138
52.35665589
52.85563040
53.35460491
53.85357942
54.35255393
54.85152844
55.35050295
55.84947746
56.34845197
56.84742648
57.34640099
57.84537550
58.34435001
58.84332452
59.34229903
59.84127354
60.34024805
60.83922255
61.33819706
61.83717157
62.33614608
62.83512059
63.33409510
63.83306961
64.33204412
64.83101863
65.32999314
65.82896765
66.32794216
66.82691667
67.32589118
67.82486569
68.32384020
68.82281471
69.32178922
69.82076373
70.31973824
70.81871275
71.31768726
71.81666177
72.31563628
72.81461079
73.31358530
73.81255981
74.31153432
74.81050883
75.30948334
75.80845785
76.30743236
76.80640687
77.30538138
77.80435589
78.30333040
78.80230491
79.30127942
79.80025393
80.29922844
80.79820295
81.29717746
81.79615197
82.29512648
82.79410099
83.29307550
83.79205001
84.29102452
84.78999903
85.28897354
85.78794805
86.28692255
86.78589706
87.28487157
87.78384608
88.28282059
88.78179510
89.28076961
89.77974412
90.27871863
90.77769314
91.27666765
91.77564216
92.27461667
92.77359118
93.27256569
93.77154020
94.27051471
94.76948922
95.26846373
95.76743824
96.26641275
96.76538726
97.26436177
97.76333628
98.26231079
98.76128530
99.26025981
99.75923432
100.25820883
100.75718334
101.25615785
101.75513236
102.25410687
102.75308138
103.25205589
103.75103040
104.25000491
104.74897942
105.24795393
105.74692844
106.24590295
106.74487746
107.24385197
107.74282648
108.24180099
108.74077550
109.23975001
109.73872452
110.23769903
110.73667354
111.23564805
111.73462255
112.23359706
112.73257157
113.23154608
113.73052059
114.22949510
114.72846961
